======================================================================
  주봉 차트 스크리닝 리포트
  생성일시: 2026-04-16 15:58 KST
  통과 종목: 226개  (★ 정배열: 185개 / 일반: 41개)
======================================================================

【조건】
  A. 이번 주 종가 > 구름 상단 (구름 상향 돌파)
  B. 직전 주 종가 ≤ 직전 주 구름 상단 (돌파 직전 구름 내/하부)
  C. 이번 주 종가 > 20주선
  D. 이번 주 종가 > 60주선
  E. 20주선 우상향
  F. 60주선 우상향
  ★ 가점: 20주선 > 60주선 (정배열)

──────────────────────────────────────────────────────────────────────
  ★ 정배열 (20주선 > 60주선)  —  185종목
──────────────────────────────────────────────────────────────────────
  종목명                티커                     종가       20주선       60주선       구름상단
  ------------------------------------------------------------------
  고려아연               010130.KS       1,693,000  1,553,000  1,091,532  1,684,438
  태광산업               003240.KS       1,284,000  1,000,793    916,114  1,258,875
  KCC                002380.KS         556,000    484,449    381,520    545,465
  현대차                005380.KS         533,000    448,989    288,748    512,785
  한미약품               128940.KS         528,000    502,426    371,413    518,853
  현대오토에버             307950.KS         437,000    396,874    233,858    396,994
  현대모비스              012330.KS         425,500    408,890    321,895    425,340
  LG에너지솔루션           373220.KS         415,000    395,475    368,658    414,750
  한솔케미칼              014680.KS         285,500    266,731    197,694    282,874
  로보티즈               108490.KQ         271,500    269,550    153,599    260,625
  삼성에스디에스            018260.KS         189,900    169,547    154,015    171,500
  쎄트렉아이              099320.KQ         173,900    143,283     82,486    156,579
  대한제분               001130.KS         150,100    147,993    141,245    149,150
  금호석유화학             011780.KS         137,700    130,823    118,816    135,645
  한화오션               042660.KS         131,100    128,795    106,674    130,400
  비나텍                126340.KQ         127,000    104,150     57,861    113,676
  LG전자               066570.KS         125,500    107,496     86,712    121,769
  케이아이엔엑스            093320.KQ         116,400    115,689     95,027    112,573
  에스피지               058610.KQ         114,200    109,750     54,991    112,787
  이마트                139480.KS         103,400     90,929     83,910    100,714
  HD현대마린엔진           071970.KS          85,300     85,295     68,381     84,000
  넥스틴                348210.KQ          76,500     75,710     60,530     75,436
  세아베스틸지주            001430.KS          70,400     62,595     36,856     61,269
  에스비비테크             389500.KQ          65,300     51,995     32,416     55,350
  천보                 278280.KQ          63,400     52,728     46,727     57,175
  가온칩스               399720.KQ          62,400     60,958     50,669     61,312
  에이프릴바이오            397030.KQ          60,600     57,370     33,959     56,075
  에스엘                005850.KS          59,900     52,862     39,303     57,683
  한전KPS              051600.KS          59,600     56,543     49,989     58,804
  테크윙                089030.KQ          57,400     49,572     43,192     56,812
  토모큐브               475960.KQ          56,700     53,798     38,233     55,188
  이엔에프테크놀로지          102710.KQ          55,900     52,155     42,314     52,405
  아이티센글로벌            124500.KQ          53,500     44,305     24,834     52,712
  HK이노엔              195940.KQ          52,700     51,360     45,757     51,487
  제룡전기               033100.KQ          51,700     45,125     38,113     51,588
  다우기술               023590.KS          50,400     44,641     34,281     48,522
  아모레퍼시픽우            090435.KS          47,600     46,749     42,044     47,337
  두산퓨얼셀              336260.KS          46,000     36,362     27,886     38,762
  필옵틱스               161580.KQ          45,850     45,212     39,057     45,825
  셀비온                308430.KQ          34,900     27,588     22,520     30,788
  하나마이크론             067310.KQ          34,650     30,455     20,434     31,988
  이녹스첨단소재            272290.KQ          34,650     29,843     25,780     32,776
  사피엔반도체             452430.KQ          34,400     34,185     27,560     32,162
  켐트로닉스              089010.KQ          33,900     31,158     27,658     32,775
  헥토파이낸셜             234340.KQ          33,750     24,001     17,331     31,695
  가비아                079940.KQ          32,450     30,850     25,987     30,325
  LS마린솔루션            060370.KQ          32,300     30,432     25,459     29,975
  디아이                003160.KS          31,850     29,995     20,600     31,609
  뷰웍스                100120.KQ          29,650     23,836     21,813     25,992
  고영                 098460.KQ          29,600     28,543     19,992     27,695
  쿠쿠홀딩스              192400.KS          29,050     28,286     27,461     28,410
  다우데이타              032190.KQ          25,250     22,854     17,821     25,025
  대한항공               003490.KS          25,175     23,419     22,538     24,865
  우진                 105840.KS          25,100     23,157     14,918     23,495
  메디포스트              078160.KQ          25,100     20,362     14,457     21,475
  대신증권우              003545.KS          25,050     22,939     19,695     24,968
  온코닉테라퓨틱스           476060.KQ          23,750     20,610     12,697     22,022
  국보디자인              066620.KQ          23,500     22,605     20,337     23,482
  미래에셋증권우            006805.KS          22,750     18,823     11,461     21,894
  켄코아에어로스페이스         274090.KQ          22,750     20,561     14,726     21,258
  AP시스템              265520.KQ          22,350     20,824     18,637     21,387
  레이크머티리얼즈           281740.KQ          21,800     19,283     15,213     20,830
  메디아나               041920.KQ          21,350     17,370      9,469     19,675
  아이씨티케이             456010.KQ          21,350     16,121     15,089     20,998
  NHN KCP            060250.KQ          20,900     18,141     14,169     19,736
  미코                 059090.KQ          20,550     14,906     13,760     16,668
  삼양엔씨켐              482630.KQ          20,250     15,719     11,293     18,275
  BNK금융지주            138930.KS          19,140     17,504     14,158     18,927
  이노션                214320.KS          18,600     18,155     17,570     18,226
  유니테스트              086390.KQ          18,300     16,382     14,352     18,225
  네오셈                253590.KQ          17,310     14,390     11,371     16,315
  AP위성               211270.KQ          17,160     15,978     13,519     16,535
  엑스게이트              356680.KQ          16,870      7,956      7,937     11,485
  한라IMS              092460.KQ          16,590     16,152     13,047     16,206
  큐라클                365270.KQ          16,300     12,416      7,955     14,750
  라온로보틱스             232680.KQ          16,290     14,533     10,113     15,265
  비씨엔씨               146320.KQ          16,240     14,494     11,979     14,692
  케이사인               192250.KQ          15,880     10,350     10,337     12,195
  라온시큐어              042510.KQ          15,410      9,510      8,784     11,445
  애경케미칼              161000.KS          14,430     10,347     10,080     13,371
  엘오티베큠              083310.KQ          14,150     12,958     11,549     12,958
  미래산업               025560.KS          14,100     13,504     12,004     13,862
  LG디스플레이            034220.KS          13,830     12,227     11,186     13,395
  HS화성               002460.KS          13,600     12,493     10,665     12,993
  NICE               034310.KS          13,550     13,230     12,453     13,419
  SK디앤디              210980.KS          13,120     12,915     10,946     12,905
  피에이치에이             043370.KQ          13,070     12,254     11,098     12,732
  현대코퍼레이션홀딩스         227840.KS          12,650     12,386     11,770     12,613
  씨아이에스              222080.KQ          12,520     10,690      8,375     12,318
  성신양회               004980.KS          12,350      9,848      9,241     12,010
  파이오링크              170790.KQ          12,100      8,920      8,360     10,920
  KG이니시스             035600.KQ          11,600     10,631      9,807     10,903
  맥쿼리인프라             088980.KS          11,400     11,323     11,037     11,364
  제일일렉트릭             199820.KQ          11,210     10,046     10,004     11,170
  샘씨엔에스              252990.KQ          11,200      9,034      6,590      9,942
  유니셈                036200.KQ          11,190      9,940      8,340     10,110
  모토닉                009680.KS          10,980     10,601      9,812     10,808
  명신산업               009900.KS          10,700      9,535      8,810     10,117
  위드텍                348350.KQ          10,690      9,185      8,615     10,486
  보성파워텍              006910.KQ          10,670      8,441      5,274     10,048
  나노팀                417010.KQ          10,470      9,388      6,842     10,428
  삼화페인트              000390.KS           9,670      8,086      6,553      9,568
  에너토크               019990.KQ           9,210      8,313      7,522      9,012
  남해화학               025860.KS           8,820      7,388      7,031      8,694
  삼영                 003720.KS           8,460      6,994      5,297      7,473
  일진홀딩스              015860.KS           8,280      7,480      5,868      8,149
  농우바이오              054050.KQ           8,200      8,084      7,977      8,196
  디지털대성              068930.KQ           8,100      7,799      7,320      7,752
  두산퓨얼셀1우            33626K.KS           7,950      7,414      6,442      7,710
  원바이오젠              307280.KQ           7,800      6,972      4,967      6,912
  아진엑스텍              059120.KQ           7,700      6,857      4,697      7,662
  한솔테크닉스             004710.KS           7,410      5,632      5,388      6,169
  와이엔텍               067900.KQ           7,200      6,907      6,602      7,037
  와이투솔루션             011690.KS           7,110      5,649      3,888      6,790
  가온그룹               078890.KQ           7,000      6,024      4,368      6,400
  PS일렉트로닉스           332570.KQ           6,790      6,000      4,685      6,222
  인피니트헬스케어           071200.KQ           6,690      6,296      6,139      6,655
  한컴위드               054920.KQ           6,680      4,820      4,091      5,788
  뉴프렉스               085670.KQ           6,550      5,651      5,065      5,710
  세기상사               002420.KS           6,430      5,412      5,353      6,409
  영림원소프트랩            060850.KQ           6,420      6,246      6,003      6,288
  동원수산               030720.KS           6,410      5,988      5,892      6,250
  뉴파워프라즈마            144960.KQ           6,290      5,659      5,355      5,698
  동방아그로              007590.KS           6,070      5,882      5,856      5,956
  공구우먼               366030.KQ           5,910      5,764      4,902      5,752
  서전기전               189860.KQ           5,820      4,321      3,970      5,646
  덕우전자               263600.KQ           5,800      5,076      4,732      5,571
  이구산업               025820.KS           5,690      5,347      4,875      5,404
  서남                 294630.KQ           5,670      3,578      3,073      4,961
  파워로직스              047310.KQ           5,610      5,124      4,684      5,394
  케이피에프              024880.KQ           5,590      5,465      4,799      5,585
  모헨즈                006920.KQ           5,520      4,056      3,522      5,294
  KG파이낸셜             046440.KQ           5,470      4,967      4,737      5,460
  한진중공업홀딩스           003480.KS           5,360      4,896      4,739      5,236
  원풍                 008370.KQ           5,280      4,945      4,569      5,148
  HDC현대EP            089470.KS           5,230      4,820      4,100      5,137
  한국가구               004590.KQ           5,200      4,997      4,949      5,197
  유진투자증권             001200.KS           5,090      4,212      3,490      5,035
  유안타증권              003470.KS           5,030      4,321      3,585      4,921
  제이아이테크             417500.KQ           4,950      3,913      3,450      4,643
  LB세미콘              061970.KQ           4,925      4,413      4,136      4,715
  진바이오텍              086060.KQ           4,915      4,592      4,183      4,885
  한일철강               002220.KS           4,585      4,456      3,359      4,358
  휴네시온               290270.KQ           4,500      3,720      3,658      4,470
  한국전자인증             041460.KQ           4,420      3,935      3,839      4,219
  경인양행               012610.KS           4,350      4,328      3,502      4,304
  서울바이오시스            092190.KQ           4,345      3,138      3,032      3,918
  SKAI               357880.KQ           4,055      2,524      2,274      3,930
  신라젠                215600.KQ           3,980      3,646      3,177      3,898
  와이엠씨               155650.KQ           3,970      3,704      3,528      3,728
  다스코                058730.KS           3,905      3,506      3,165      3,742
  아이티센피엔에스           232830.KQ           3,885      2,484      2,429      3,198
  KB오토시스             024120.KQ           3,860      3,601      3,390      3,781
  신화콘텍               187270.KQ           3,805      3,462      3,412      3,741
  SJM홀딩스             025530.KS           3,705      3,656      3,404      3,658
  현우산업               092300.KQ           3,440      3,317      3,014      3,316
  바이오톡스텍             086040.KQ           3,390      2,957      2,957      3,320
  에이티넘인베스트           021080.KQ           3,335      3,117      2,651      3,269
  한국정밀기계             101680.KQ           3,335      2,711      2,556      3,165
  한울소재과학             091440.KQ           3,200      3,023      2,953      3,134
  ES큐브               050120.KQ           3,190      2,753      2,688      2,870
  세이브존I&C            067830.KS           3,175      3,134      2,693      3,146
  대창솔루션              096350.KQ           3,125      2,490      2,237      2,990
  우진플라임              049800.KS           3,055      2,338      2,123      2,803
  세운메디칼              100700.KQ           2,900      2,515      2,470      2,864
  하이즈항공              221840.KQ           2,885      2,497      2,144      2,709
  이엠코리아              095190.KQ           2,610      2,284      2,182      2,448
  나우IB               293580.KQ           2,440      1,730      1,429      1,888
  SG&G               040610.KQ           2,215      1,960      1,812      2,120
  JW신약               067290.KQ           2,190      2,025      1,645      2,124
  HB인베스트먼트           440290.KQ           2,150      2,096      1,954      2,127
  유진스팩11호            488060.KQ           2,050      2,049      2,039      2,045
  미래에셋비전스팩7호         482680.KQ           2,035      2,031      2,009      2,034
  미래아이앤지             007120.KS           2,005      1,327      1,069      1,943
  알엔티엑스              123010.KQ           1,989      1,212      1,161      1,454
  소프트캠프              258790.KQ           1,943      1,371      1,266      1,484
  우리손에프앤지            073560.KQ           1,746      1,554      1,419      1,687
  인지디스플레             037330.KQ           1,531      1,432      1,387      1,445
  아미노로직스             074430.KQ           1,525      1,406      1,124      1,432
  삼익악기               002450.KS           1,272      1,194      1,194      1,216
  SGA솔루션즈            184230.KQ             913        616        592        702
  에이엔피               015260.KS             829        530        494        664
  세화피앤씨              252500.KQ             825        787        785        819
  글로벌에스엠             900070.KQ             597        484        451        585
  엔투텍                227950.KQ             588        415        407        554

──────────────────────────────────────────────────────────────────────
  일반 (60주선 ≥ 20주선)  —  41종목
──────────────────────────────────────────────────────────────────────
  종목명                티커                     종가       20주선       60주선       구름상단
  ------------------------------------------------------------------
  대상                 001680.KS          21,450     20,682     21,288     21,354
  그리드위즈              453450.KQ          20,900     17,631     18,112     20,312
  케이씨에스              115500.KQ          17,780      9,839     10,071     12,780
  삼아제약               009300.KQ          16,570     15,754     16,073     16,479
  셀바스AI              108860.KQ          15,230     12,455     13,150     13,455
  한국정보통신             025770.KQ          11,030      8,088      8,303     10,480
  이노룰스               296640.KQ           7,640      6,363      6,380      7,573
  대한뉴팜               054670.KQ           7,460      6,798      6,896      7,446
  팬젠                 222110.KQ           7,340      5,461      5,714      6,508
  한빛레이저              452190.KQ           6,860      4,690      5,051      5,220
  제넥신                095700.KQ           6,560      4,811      4,887      5,705
  한싹                 430690.KQ           5,960      4,433      5,057      5,535
  에스넷                038680.KQ           5,610      3,541      3,915      4,430
  한국종합기술             023350.KS           5,350      4,712      4,939      5,179
  파수                 150900.KQ           5,030      3,959      4,445      4,675
  코스맥스엔비티            222040.KQ           4,540      3,534      3,797      4,410
  남화토건               091590.KQ           4,430      3,839      3,888      4,248
  키다리스튜디오            020120.KS           3,825      3,466      3,637      3,798
  무림P&P              009580.KS           3,710      2,494      2,576      2,971
  블랙야크아이앤씨           478560.KQ           3,530      3,251      3,350      3,368
  포톤                 208710.KQ           3,455      2,262      2,504      2,882
  로지시스               067730.KQ           3,425      2,634      2,849      3,021
  휴비스                079980.KS           3,230      2,792      2,867      3,202
  오픈베이스              049480.KQ           3,135      2,327      2,418      2,685
  테라젠이텍스             066700.KQ           3,125      2,905      2,911      2,920
  SUN&L              002820.KS           2,855      2,457      2,676      2,652
  무림페이퍼              009200.KS           2,560      1,948      1,959      2,229
  인바이오               352940.KQ           2,350      2,171      2,299      2,308
  신화인터텍              056700.KQ           1,951      1,804      1,833      1,908
  루멘스                038060.KQ           1,647        729        797      1,114
  한성크린텍              066980.KQ           1,611      1,334      1,341      1,512
  신일전자               002700.KS           1,489      1,356      1,385      1,485
  모코엠시스              333050.KQ           1,470      1,268      1,376      1,397
  SDN                099220.KQ           1,432      1,192      1,241      1,432
  대신정보통신             020180.KQ           1,389      1,026      1,050      1,251
  아즈텍WB              032080.KQ           1,357      1,296      1,308      1,331
  파인텍                131760.KQ           1,077        744        825        816
  패션플랫폼              225590.KQ             943        876        900        908
  아이윈                090150.KQ             941        764        774        834
  한국제지               027970.KS             823        785        800        804
  예선테크               250930.KQ             548        449        474        542

======================================================================